polygon_USA_Long_Lat: -132.1875,49.61071 -80.15625,50.513427 -79.101562,23.885838 -132.1875,24.846565 -132.1875,49.61071
polygon_EU: 24.287109,72.118943 7.587891,68.323557 -14.384766,55.760092 -14.033203,34.428056 -5.068359,36.007635 10.224609,38.525248 20.947266,33.991954 40.634766,60.744845 24.287109,72.118943
Nevada: -119.989014,41.948596 -119.989014,38.990726 -114.649658,35.026997 -114.056396,36.170401 -114.056396,41.981272 -119.989014,41.948596
Great_basin: -119.439697,41.637341 -119.46167,39.127219 -115.374756,36.418335 -114.407959,36.735949 -114.517822,41.637341 -119.439697,41.637341
